11.3

[9.992, 11.192]

[9.692, 10.892, 11.492]

[10.4,
 11.942,
 12.542,
 12.092000000000002,
 12.392,
 11.642,
 13.142,
 12.8,
 12.542]

[11.642,
 12.992,
 13.142,
 12.842000000000002,
 13.292,
 13.892,
 14.042,
 13.892,
 13.442,
 13.892,
 14.08,
 13.850143037113762,
 13.728671777846737,
 13.851510888481206,
 14.022768692964867,
 13.81430295101827,
 14.030800589648598]

[14.942,
 15.092000000000002,
 14.792,
 15.0,
 14.582536210655396,
 14.661339407434522,
 15.047806230873633,
 14.43891021946854]
