['2 2 5 1 2 8 1 -11 1 3 -3 -9 -3 -7 2 ',
 '2 2 4 3 3 6 3 -2 2 -8 -4 -9 4 9 -2 ',
 '2 4 4 2 3 8 3 -1 3 -10 -2 -5 -2 3 4 ',
 '4 5 2 1 5 -5 -4 -2 -3 -10 0 -7 -3 7 -2 ', 
'4 3 1 0 2 -8 5 5 4 7 1 12 -2 -3 3 ',
 '5 4 3 3 4 11 -3 6 -5 -9 -1 3 2 0 -1 ',
 '3 3 2 4 0 11 -4 -8 0 1 0 -2 -2 8 -2 ',
 '3 4 3 0 2 8 3 -8 4 -3 2 -1 -4 5 5 ',
 '2 3 3 3 3 6 -1 -8 1 8 3 0 4 -6 4 ', 
'5 2 2 2 5 -1 3 -12 -1 9 2 -5 -3 11 3 ',
 '3 0 3 4 4 -11 2 -7 3 9 3 1 4 7 -2 ', 
'5 4 2 3 3 7 1 3 1 -5 4 -7 -3 -11 0 ', 
'3 2 2 4 5 9 0 -6 -2 2 0 1 2 -7 -3 ', 
'5 2 3 3 2 -2 5 3 -1 5 1 -10 4 12 2 ',
 '1 3 3 5 0 1 -5 -2 0 -10 2 8 -4 -2 -3 ',
'2 4 3 3 2 -8 2 -4 1 3 -2 5 5 9 0 ', 
'5 2 4 4 4 9 -5 -12 -5 -10 -4 2 0 -5 2 ', 
'5 3 1 0 4 8 0 -8 0 8 3 -6 4 1 3 ', 
'4 4 0 4 5 -8 3 0 -2 -1 2 -10 1 8 0 ',  
'3 1 3 3 0 -12 -1 -7 -1 8 -2 0 -3 -7 0 ']

